i	Axx	Axy	Axz	Ayx	Ayy	Ayz	Azx	Azy	Azz	|D|	i     	 eig_1 	 eig_2 	 eig_3 	     max|eig| 	 magnitude
1	-0.431	0.001	-0.237	0.001	-0.121	0.132	-0.237	0.132	0.000	0.589534579	1        -0.5432    -0.1664     0.1576     0.543203     0.5896
2	-0.904	0.246	0.202	0.246	-0.096	0.188	0.202	0.188	0.000	1.048874311	2        -0.9950    -0.2366     0.2317     0.995031     1.0487
3	-0.319	-0.071	0.224	-0.071	-0.033	0.250	0.224	0.250	0.000	0.581592951	3        -0.5098    -0.1027     0.2605     0.509776     0.5816
4	-0.709	-0.459	0.075	-0.459	-0.610	-0.039	0.075	-0.039	0.000	1.144755363	4        -1.1220    -0.2255     0.0284     1.121955     1.1447
5	0.992	-0.067	-0.029	-0.067	0.326	0.644	-0.029	0.644	0.000	1.388749812	5        -0.5015     0.8012     1.0184     1.018369     1.3894
6	-0.040	-0.011	0.001	-0.011	0.037	0.000	0.001	0.000	0.000	0.056552276	6        -0.0416     0.0000     0.0385     0.041564     0.0567
7	-0.042	-0.019	0.109	-0.019	0.017	0.160	0.109	0.160	0.000	0.27910679	7        -0.2066    -0.0054     0.1871     0.206648     0.2788
8	0.405	0.073	-0.024	0.073	0.659	0.371	-0.024	0.371	0.000	0.940811756	8        -0.1714     0.4021     0.8333     0.833265     0.9410
9	0.125	0.091	-0.323	0.091	0.167	0.274	-0.323	0.274	0.000	0.647265355	9        -0.3980     0.2391     0.4509     0.450868     0.6472
10	0.161	0.017	0.008	0.017	0.235	0.090	0.008	0.090	0.000	0.312845872	10       -0.0305     0.1578     0.2687     0.268743     0.3131
11	0.756	0.231	-0.368	0.231	0.215	-0.174	-0.368	-0.174	0.000	1.028197831	11       -0.1674     0.1333     1.0050     1.005040     1.0276
12	-0.188	0.108	-0.038	0.108	1.207	-0.122	-0.038	-0.122	0.000	1.24444247	12       -0.2006    -0.0083     1.2280     1.227952     1.2443
13	-0.216	-0.038	0.049	-0.038	-0.140	0.158	0.049	0.158	0.000	0.352307678	13       -0.2899    -0.1702     0.1041     0.289908     0.3520
14	-0.298	-0.019	0.046	-0.019	-0.059	0.255	0.046	0.255	0.000	0.47603773	14       -0.3377    -0.2474     0.2281     0.337747     0.4767
15	0.244	-0.178	0.576	-0.178	-0.352	-0.265	0.576	-0.265	0.000	1.02509024	15       -0.5425    -0.3581     0.7926     0.792622     1.0251
16	0.400	0.617	-0.312	0.617	-0.327	0.145	-0.312	0.145	0.000	1.124649723	16       -0.7836     0.0514     0.8052     0.805231     1.1247
17	-0.247	-0.118	-0.070	-0.118	0.105	0.150	-0.070	0.150	0.000	0.392658554	17       -0.2853    -0.1058     0.2491     0.285341     0.3933
18	-0.463	-0.013	-0.023	-0.013	-0.413	-0.261	-0.023	-0.261	0.000	0.722825885	18       -0.5451    -0.4576     0.1267     0.545083     0.7229
19	0.356	0.261	0.117	0.261	-0.137	0.003	0.117	0.003	0.000	0.555547351	19       -0.2574    -0.0162     0.4926     0.492585     0.5560
20	1.721	-0.033	-0.183	-0.033	1.386	0.423	-0.183	0.423	0.000	1.304383601	20       -0.1340     1.4794     1.7616     0.761613     2.3043
21	-0.353	-0.498	-0.189	-0.498	0.019	0.641	-0.189	0.641	0.000	1.22992007	21       -0.7967    -0.3901     0.8528     0.852793     1.2305
22	-0.112	-0.193	-0.284	-0.193	0.556	0.125	-0.284	0.125	0.000	0.767323439	22       -0.3514     0.1247     0.6706     0.670618     0.7673
23	0.536	-0.278	-0.130	-0.278	0.115	0.072	-0.130	0.072	0.000	0.706320154	23       -0.0348    -0.0196     0.7054     0.705449     0.7066
24	-0.550	-0.180	-0.135	-0.180	-0.111	-0.238	-0.135	-0.238	0.000	0.727206848	24       -0.6823    -0.1676     0.1889     0.682320     0.7276
25	-1.090	0.386	0.283	0.386	-0.663	0.152	0.283	0.152	0.000	1.459562667	25       -1.3397    -0.5615     0.1482     1.339696     1.4602
26	-0.439	-0.407	0.190	-0.407	-0.017	0.097	0.190	0.097	0.000	0.784209105	26       -0.7470     0.0592     0.2318     0.747047     0.7844
27	-0.981	0.314	-0.043	0.314	-1.047	-0.007	-0.043	-0.007	0.000	1.503833488	27       -1.3301    -0.7002     0.0023     1.330148     1.5032
28	0.293	0.027	-0.017	0.027	0.035	0.150	-0.017	0.150	0.000	0.366076877	28       -0.1357     0.1679     0.2958     0.295806     0.3662
29	-0.019	0.000	0.000	0.000	-0.039	0.010	0.000	0.010	0.000	0.045842557	29       -0.0414    -0.0190     0.0024     0.041415     0.0456
30	-0.042	-0.043	0.210	-0.043	0.125	0.128	0.210	0.128	0.000	0.377596584	30       -0.2682     0.1106     0.2406     0.268198     0.3769
31	-0.463	-0.769	-0.060	-0.769	0.533	-0.374	-0.060	-0.374	0.000	1.402478456	31       -0.9411    -0.0289     1.0400     1.040028     1.4029
32	0.075	-0.040	0.010	-0.040	0.294	0.048	0.010	0.048	0.000	0.316305991	32       -0.0109     0.0720     0.3078     0.307840     0.3163
33	-0.179	-0.310	-0.159	-0.310	0.118	0.238	-0.159	0.238	0.000	0.634048831	33       -0.3745    -0.1694     0.4828     0.482816     0.6340
34	-0.179	-0.020	0.020	-0.020	-0.120	0.010	0.020	0.010	0.000	0.219520842	34       -0.1877    -0.1140     0.0027     0.187734     0.2196
35	0.279	-0.157	-0.316	-0.157	-0.042	-0.163	-0.316	-0.163	0.000	0.617776076	35       -0.3616     0.1097     0.4889     0.488859     0.6179
36	-0.602	-0.077	0.286	-0.077	0.181	-0.050	0.286	-0.050	0.000	0.758888793	36       -0.7193     0.0666     0.2318     0.719347     0.7587
37	0.279	-0.011	0.460	-0.011	0.765	0.581	0.460	0.581	0.000	1.327678711	37       -0.5286     0.4359     1.1367     1.136741     1.3273
38	0.035	0.207	0.061	0.207	0.349	0.118	0.061	0.118	0.000	0.494022024	38       -0.0679    -0.0360     0.4880     0.487956     0.4940
39	-0.935	0.220	0.096	0.220	-0.847	0.281	0.096	0.281	0.000	1.365535895	39       -1.1266    -0.7640     0.1086     1.126623     1.3656
40	-0.526	0.026	-0.183	0.026	-0.334	0.301	-0.183	0.301	0.000	0.798601277	40       -0.6482    -0.4182     0.2065     0.648243     0.7986
41	-0.602	0.029	0.115	0.029	-0.345	0.258	0.115	0.258	0.000	0.80129308	41       -0.6251    -0.4773     0.1554     0.625119     0.8017
42	0.181	-0.051	-0.564	-0.051	-0.475	-0.191	-0.564	-0.191	0.000	0.986187487	42       -0.6590    -0.3032     0.6682     0.668204     0.9863
43	-0.243	-0.233	-0.579	-0.233	0.410	0.478	-0.579	0.478	0.000	1.209515283	43       -0.7290    -0.0670     0.9630     0.962971     1.2096
44	0.241	0.163	-0.033	0.163	0.020	-0.060	-0.033	-0.060	0.000	0.347547205	44       -0.0848     0.0085     0.3372     0.337249     0.3478
45	0.000	0.000	0.009	0.000	-0.038	0.040	0.009	0.040	0.000	0.069028255	45       -0.0637    -0.0018     0.0274     0.063650     0.0693
46	-0.327	0.076	-0.130	0.076	-0.472	-0.219	-0.130	-0.219	0.000	0.686340877	46       -0.5607    -0.3724     0.1341     0.560668     0.6863
47	-1.226	-0.192	-0.293	-0.192	-0.281	0.211	-0.293	0.211	0.000	1.383791964	47       -1.3125    -0.3931     0.1986     1.312457     1.3844
48	-0.599	0.388	0.090	0.388	-0.483	-0.349	0.090	-0.349	0.000	1.073652551	48       -1.0232    -0.2578     0.1990     1.023184     1.0738
